10
10
-1000000 41 18467 6334 26500 19169 15724 11478 29358 1000000
10
-1000000 26962 24464 5705 28145 23281 16827 9961 491 1000000
10
-1000000 2995 11942 4827 5436 32391 14604 3902 153 1000000
10
-1000000 292 12382 17421 18716 19718 19895 5447 21726 1000000
10
-1000000 14771 11538 1869 19912 25667 26299 17035 9894 1000000
10
-1000000 28703 23811 31322 30333 17673 4664 15141 7711 1000000
10
-1000000 28253 6868 25547 27644 32662 32757 20037 12859 1000000
10
-1000000 8723 9741 27529 778 12316 3035 22190 1842 1000000
10
-1000000 288 30106 9040 8942 19264 22648 27446 23805 1000000
10
-1000000 15890 6729 24370 15350 15006 31101 24393 3548 1000000